0
100
200
301
401
501
602
702
802
903
1003
1103
1204
1304
1404
1505
1605
1705
1806
1906
2007
2107
2207
2309
2409
2509
2610
2710
2810
2911
3011
3111
3212
3312
3412
3513
3613
3714
3814
3914
4015
4116
4216
4317
4417
4517
4618
4718
4818
4919
5019
5120
5220
5320
5422
5522
5622
5723
5823
5923
6024
6124
6224
6325
6425
6525
6626
6726
6827
6927
7027
7128
7229
7329
7430
7530
7630
7731
7831
7931
8032
8132
8232
8333
8433
8534
8634
8734
8835
8936
9036
9137
9237
9337
9438
9538
9638
9739
9839
9939
10040
10140
10241
10341
10442
10543
10643
10743
10844
10944
11044
11145
11245
11345
11447
11547
11648
11748
11848
11949
12049
12149
12250
12350
12451
12552
12652
12752
12853
12953
13053
13154
13254
13356
13456
13556
13657
13757
13857
13958
14058
14158
14259
14360
14460
14561
14661
14761
14862
14962
15063
15164
15264
15365
15465
15565
15666
15766
15866
15967
16067
16167
16269
16369
16470
16570
16670
16771
16871
16971
17072
17172
17273
17374
17474
17574
17675
17775
17875
17976
18076
18177
18278
18378
18479
18579
18679
18780
18880
18980
19081
19182
19282
19383
19483
19584
19684
19784
19885
19986
20086
20187
20287
20387
20488
20588
20688
20789
20889
20990
21091
21191
21292
21392
21492
21593
21693
21793
21894
21994
22095
