0
100
200
301
400
500
601
701
801
902
1002
1102
1203
1303
1403
1504
1604
1704
1805
1905
2006
2106
2206
2307
2407
2507
2608
2708
2808
2909
3009
3109
3210
3310
3410
3511
3611
3712
3812
3912
4013
4113
4213
4314
4414
4514
4615
4715
4815
4916
5016
5116
5217
5317
5417
5518
5618
5719
5819
5919
6020
6120
6220
6321
6421
6521
6622
6722
6822
6923
7023
7123
7224
7324
7425
7525
7625
7726
7826
7926
8027
8127
8227
8328
8428
8528
8629
8729
8829
8930
9030
9131
9231
9331
9432
9532
9632
9733
9833
9933
10034
10134
10234
10335
10435
10535
10636
10736
10836
10937
11037
11138
11238
11338
11439
11539
11639
11740
11840
11940
12041
12141
12242
12343
12443
12544
12644
12744
12845
12945
13045
13146
13246
13346
13447
13547
13647
13748
13848
13948
14049
14149
14249
14350
14450
14551
14652
14752
14853
14953
15053
15154
15254
15354
15455
15555
15655
15756
15856
15956
16057
16157
16258
16358
16458
16559
16659
16759
16860
16960
17060
17162
