0
10
20
30
40
51
61
71
81
92
102
112
122
133
143
153
163
174
184
194
204
215
225
236
246
257
267
277
287
297
308
318
328
338
349
359
369
379
390
400
410
421
432
442
452
462
473
483
493
503
514
524
534
544
555
565
575
585
595
607
617
627
637
648
658
668
678
689
699
709
719
730
740
750
760
771
781
792
802
813
823
833
843
854
864
874
884
894
905
915
925
935
946
956
966
977
988
998
1008
1018
1029
1039
1049
1059
1070
1080
1091
1101
1112
1122
1132
1142
1153
1163
1173
1183
1195
1205
1215
1225
1235
1246
1256
1266
1276
1288
1298
1308
1318
1329
1339
1349
1359
1370
1380
1391
1401
1412
1422
1432
1442
1453
1463
1473
1483
1495
1505
1515
1525
1536
1546
1556
1566
1576
1588
1598
1608
1618
1629
1639
1649
1659
1670
1680
1691
1701
1712
1722
1732
1742
1753
1763
1773
1783
1795
1805
1815
1825
1836
1846
1856
1866
1876
1888
1898
1908
1918
1929
1939
1949
1959
1970
1980
1991
2001
2012
2022
2032
2042
2053
2063
2073
2083
2095
2105
2115
2125
2136
2146
2156
2166
2177
2188
2198
2208
2219
2229
2239
2249
2259
2270
2280
2291
2301
2312
2322
2332
2342
2353
2363
2373
2383
2395
2405
2415
2425
2436
2446
2456
2466
2477
2488
2498
2508
2519
2529
2539
2549
2560
2570
2580
2591
2601
2612
2622
2632
2642
2653
2663
2673
2683
2695
2705
2715
2725
2736
2746
2756
2766
2777
2788
2798
2808
2819
2829
2839
2849
2860
2870
2880
2891
2902
2912
2922
2932
2942
2953
2963
2973
2983
2995
3005
3015
3025
3036
3046
3056
3066
3077
3088
3098
3108
3119
3129
3139
3149
3160
3170
3180
3191
3202
3212
3222
3232
3243
3253
3263
3273
3283
3295
3305
3315
3325
3336
3346
3356
3366
3377
3388
3398
3408
3419
3429
3439
3449
3460
3470
3480
3491
3502
3512
3522
3532
3543
3553
3563
3573
3584
3595
3605
3615
3625
3636
3646
3656
3666
3677
3688
3698
3708
3719
3729
3739
3749
3760
3770
3780
3791
3802
3812
3822
3832
3843
3853
3863
3873
3884
3895
3905
3915
3926
3936
3946
3956
3966
3977
3988
3998
4008
4019
4029
4039
4049
4060
4070
4080
4091
4102
4112
4122
4132
4143
4153
4163
4173
4184
4195
4205
4215
4226
4236
4246
4256
4267
4277
4288
4298
4308
4319
4329
4339
4349
4360
4370
4380
4391
4402
4412
4422
4432
4443
4453
4463
4473
4484
4495
4505
4515
4526
4536
4546
4556
4567
4577
4588
4598
4609
4619
4629
4639
4649
4660
4670
4680
4691
4702
4712
4722
4732
4743
4753
4763
4773
4784
4795
4805
4815
4826
4836
4846
4856
4867
4877
4888
4898
4909
4919
4929
4939
4950
4960
4970
4980
4992
5002
5012
5022
5032
5043
5053
5063
5073
5084
5095
5105
5115
5126
5136
5146
5156
5167
5177
5188
5198
5209
5219
5229
5239
5250
5260
5270
5280
5292
5302
5312
5322
5332
5343
5353
5363
5373
5384
5395
5405
5415
5426
5436
5446
5456
5467
5477
5488
5498
5509
5519
5529
5539
5550
5560
5570
5580
5592
5602
5612
5622
5633
5643
5653
5663
5673
5684
5695
5705
5715
5726
5736
5746
5756
5767
5777
5788
5798
5809
5819
5829
5839
5850
5860
5870
5880
5892
5902
5912
5922
5933
5943
5953
5963
5974
5984
5995
6005
6016
6026
6036
6046
6056
6067
6077
6088
6098
6109
6119
6129
6139
6150
6160
6170
6180
6192
6202
6212
6222
6233
6243
6253
6263
6274
6284
6295
6305
6316
6326
6336
6346
6356
6367
6377
6388
6398
6409
6419
6429
6439
6450
6460
6470
6480
6492
6502
6512
6522
6533
6543
6553
6563
6574
6584
6595
6605
6616
6626
6636
6646
6657
6667
6677
6688
6699
6709
6719
6729
6739
6750
6760
6770
6780
6792
6802
6812
6822
6833
6843
6853
6863
6874
6884
6895
6905
6916
6926
6936
6946
6957
6967
6977
6988
6999
7009
7019
7029
7040
7050
7060
7070
7080
7092
7102
7112
7122
7133
7143
7153
7163
7174
7184
7195
7205
7216
7226
7236
7246
7257
7267
7277
7288
7299
7309
7319
7329
7340
7350
7360
7370
7380
7392
7402
7412
7422
7433
7443
7453
7463
7474
7484
7495
7505
7516
7526
7536
7546
7557
7567
7577
7588
7599
7609
7619
7629
7640
7650
7660
7670
7681
7692
7702
7712
7723
7733
7743
7753
7763
7774
7784
7795
7805
7816
7826
7836
7846
7857
7867
7877
7888
7899
7909
7919
7929
7940
7950
7960
7970
7981
7992
8002
8012
8023
8033
8043
8053
8064
8074
8084
8095
8105
8116
8126
8136
8146
8157
8167
8177
8188
8199
8209
8219
8229
8240
8250
8260
8270
8281
8292
8302
8312
8323
8333
8343
8353
8364
8374
8384
8395
8406
8416
8426
8436
8446
8457
8467
8477
8488
8499
8509
8519
8529
8540
8550
8560
8570
8581
8592
8602
8612
8623
8633
8643
8653
8664
8674
8684
8695
8706
8716
8726
8736
8747
8757
8767
8777
8788
8799
8809
8819
8829
8840
8850
8860
8870
8881
8892
8902
8912
8923
8933
8943
8953
8964
8974
8984
8995
9006
9016
9026
9036
9047
9057
9067
9077
9089
9099
9109
9119
9129
9140
9150
9160
9170
9181
9192
9202
9212
9223
9233
9243
9253
9264
9274
9284
9295
9306
9316
9326
9336
9347
9357
9367
9377
9389
9399
9409
9419
9430
9440
9450
9460
9470
9481
9492
9502
9512
9523
9533
9543
9553
9564
9574
9584
9595
9606
9616
9626
9636
9647
9657
9667
9677
9689
9699
9709
9719
9730
9740
9750
9760
9771
9781
9792
9802
9812
9823
9833
9843
9853
9864
9874
9884
9895
9906
9916
9926
9936
9947
9957
9967
9977
9989
9999
10009
10019
10030
10040
10050
10060
10072
10082
10092
10102
10113
10123
10134
10144
10155
10165
10175
10185
10195
10207
10217
10227
10237
10248
10258
10268
10279
10290
10300
10310
10320
10331
10342
10352
10362
10373
10383
10393
10403
10415
10425
10435
10445
10456
10466
10476
10487
10498
10508
10518
10528
10539
10550
10560
10570
10580
10591
10601
10611
10622
10633
10643
10653
10663
10674
10684
10695
10705
10716
10726
10736
10746
10758
10768
10778
10788
10799
10809
10819
10830
10841
10851
10861
10871
10882
10892
10903
10913
10924
10934
10944
10954
10966
10976
10986
10996
11006
11017
11027
11038
11048
11059
11069
11079
11089
11100
11111
11121
11131
11142
11152
11162
11173
11184
11194
11204
11214
11225
11235
11246
11256
11267
11277
11287
11297
11308
11319
11329
11339
11350
11360
11370
11381
11392
11402
11412
11422
11432
11443
11454
11464
11474
11485
11495
11505
11515
11527
11537
11547
11557
11568
11578
11589
11599
11610
11620
11630
11640
11651
11662
11672
11682
11693
11703
11713
11723
11735
11745
11755
11765
11776
11786
11797
11807
11817
11828
11838
11848
11858
11870
11880
11890
11900
11911
11921
11931
11942
11953
11963
11973
11983
11994
12005
12015
12025
12036
12046
12056
12066
12078
12088
12098
12108
12119
12129
12139
12150
12161
12171
12181
12191
12201
12213
12223
12233
12243
12254
12264
12274
12285
12296
12306
12316
12326
12337
12348
12358
12368
12379
12389
12399
12409
12421
12431
12441
12451
12462
12472
12482
12493
12504
12514
12524
12534
12545
12556
12566
12576
12587
12597
12607
12617
12628
12639
12649
12659
12669
12680
12690
12701
12711
12722
12732
12742
12752
12764
12774
12784
12794
12805
12815
12825
12836
12847
12857
12867
12877
12888
12898
12909
12919
12930
12940
12950
12960
12972
12982
12992
13002
13012
13023
13033
13044
13054
13065
13075
13085
13095
13106
13117
13127
13137
13148
13158
13168
13179
13190
13200
13210
13220
13231
13241
13252
13262
13273
13283
13293
13303
13314
13325
13335
13345
13356
13366
13376
13387
13398
13408
13418
13428
13438
13449
13460
13470
13480
13491
13501
13511
13521
13533
13543
13553
13563
13574
13584
13595
13605
13616
13626
13636
13646
13657
13668
13678
13688
13699
13709
13719
13729
13741
13751
13761
13771
13782
13792
13803
13813
13824
13834
13844
13854
13864
13876
13886
13896
13906
13917
13927
13937
13948
13959
13969
13979
13989
14000
14011
14021
14031
14042
14052
14062
14072
14084
14094
14104
14114
14125
14135
14145
14156
14167
14177
14187
14197
14208
14219
14229
14239
14249
14260
14270
14280
14291
14302
14312
14322
14332
14343
14353
14364
14374
14385
14395
14405
14415
14427
14437
14447
14457
14468
14478
14488
14499
14510
14520
14530
14540
14551
14561
14572
14582
14593
14603
14613
14623
14635
14645
14655
14665
14675
14686
14696
14707
14717
14728
14738
14748
14758
14769
14780
14790
14800
14811
14821
14831
14842
14853
14863
14873
14883
14894
14904
14915
14925
14936
14946
14956
14966
