0
10
20
30
40
51
62
72
82
93
103
113
123
135
145
155
165
176
186
196
206
217
228
238
248
259
269
279
289
300
310
320
330
342
352
362
372
382
393
403
413
423
434
444
455
465
476
486
496
506
517
527
537
547
559
569
579
589
600
610
620
630
641
651
662
672
683
693
703
713
723
734
744
754
764
776
786
796
806
817
827
837
847
859
869
879
889
900
910
921
931
942
952
962
973
984
994
1004
1014
1026
1036
1046
1056
1067
1077
1088
1098
1108
1119
1129
1139
1149
1161
1171
1181
1191
1202
1212
1222
1232
1244
1254
1264
1274
1285
1295
1305
1316
1327
1337
1347
1357
1368
1378
1389
1399
1410
1420
1430
1440
1451
1461
1472
1482
1492
1503
1513
1523
1533
1545
1555
1565
1575
1586
1596
1606
1617
1628
1638
1648
1658
1669
1679
1690
1700
1711
1721
1731
1741
1752
1763
1773
1783
1794
1804
1814
1824
1836
1846
1856
1866
1876
1887
1898
1908
1918
1929
1939
1950
1960
1971
1981
1992
2002
2013
2023
2034
2044
2055
2065
2075
2085
2097
2107
2117
2127
2138
2148
2159
2169
2180
2190
2201
2211
2222
2232
2243
2253
2264
2274
2284
2294
2305
2316
2326
2336
2347
2357
2367
2377
2388
2399
2409
2419
2429
2440
2450
2461
2471
2482
2492
2502
2512
2523
2533
2544
2554
2565
2575
2585
2595
2607
2617
2627
2637
2648
2658
2668
2679
2690
2700
2710
2720
2731
2741
2752
2762
2772
2783
2793
2803
2813
2824
2835
2845
2855
2866
2876
2886
2897
2908
2918
2928
2938
2949
2960
2970
2980
2991
3002
3012
3022
3033
3044
3054
3064
3075
3085
3096
3106
3117
3127
3137
3148
3159
3169
3179
3189
3200
3210
3221
3231
3241
3252
3262
3272
3282
3293
3304
3314
3324
3335
3345
3355
3365
3377
3387
3397
3407
3418
3428
3438
3449
3460
3470
3480
3490
3501
3511
3521
3532
3543
3553
3563
3573
3584
3594
3605
3615
3625
3636
3646
3656
3666
3678
3688
3698
3708
3719
3729
3739
3750
3761
3771
3781
3791
3802
3812
3823
3833
3844
3854
3864
3874
3885
3896
3906
3916
3927
3937
3947
3958
3969
3979
3989
3999
4011
4021
4031
4041
4052
4063
4073
4083
4094
4105
4115
4125
4135
4147
4157
4167
4177
4188
4198
4209
4219
4230
4240
4251
4261
4272
4282
4292
4303
4314
4324
4334
4344
4355
4366
4376
4386
4397
4407
4417
4427
4439
4449
4459
4469
4480
4490
4500
4511
4521
4532
4542
4552
4562
4573
4583
4594
4604
4615
4625
4635
4645
4656
4667
4677
4687
4698
4708
4718
4728
4740
4750
4760
4770
4781
4791
4801
4812
4823
4833
4843
4853
4864
4874
4885
4895
4905
4916
4926
4936
4947
4958
4968
4978
4988
4999
5010
5020
5030
5041
5051
5062
5072
5083
5093
5104
5114
5125
5135
5145
5156
5167
5177
5187
5197
5209
5219
5229
5239
5250
5260
5270
5281
5292
5302
5312
5322
5332
5343
5354
5364
5374
5385
5395
5405
5415
5426
5437
5447
5457
5468
5478
5488
5498
5510
5520
5530
5540
5551
5561
5571
5582
5593
5603
5613
5623
5634
5644
5654
5665
5676
5686
5696
5706
5716
5728
5738
5748
5758
5769
5779
5789
5799
5811
5821
5831
5841
5852
5862
5872
5883
5894
5904
5914
5924
5935
5945
5956
5966
5977
5987
5997
6007
6019
6029
6039
6049
6060
6071
6081
6091
6102
6113
6123
6133
6144
6155
6165
6175
6185
6196
6207
6217
6227
6238
6248
6258
6268
6280
6290
6300
6310
6322
6332
6342
6352
6364
6374
6384
6394
6405
6415
6426
6436
6447
6457
6467
6477
6488
6499
6509
6519
6530
6540
6550
6560
6572
6582
6592
6602
6612
6623
6633
6643
6654
6665
6675
6685
6695
6706
6716
6727
6737
6748
6758
6768
6778
6789
6800
6810
6820
6831
6841
6851
6861
6873
6883
6893
6903
6914
6924
6934
6945
6956
6966
6976
6986
6996
7008
7018
7028
7038
7049
7059
7070
7080
7091
7101
7111
7122
7133
7143
7153
7164
7175
7185
7195
7206
7217
7227
7237
7247
7258
7269
7279
7289
7300
7310
7320
7330
7342
7352
7362
7372
7383
7393
7403
7414
7425
7435
7445
7455
7465
7476
7487
7497
7507
7518
7528
7538
7548
7559
7570
7580
7590
7601
7611
7621
7631
7643
7653
7663
7673
7684
7694
7704
7714
7726
7736
7746
7756
7767
7777
7788
7798
7809
7819
7829
7839
7849
7861
7871
7881
7891
7902
7912
7922
7932
7944
7954
7964
7974
7985
7995
8006
8016
8027
8037
8047
8057
8069
8079
8089
8099
8110
8121
8131
8141
8152
8163
8173
8183
8194
8205
8215
8225
8236
8246
8257
8267
8278
8288
8298
8308
8320
8330
8340
8350
8361
8372
8382
8392
8402
8414
8424
8434
8444
8455
8465
8476
8486
8497
8507
8517
8527
8538
8549
8559
8569
8580
8590
8600
8610
8622
8632
8642
8652
8663
8673
8683
8694
8705
8715
8725
8735
8745
8756
8767
8777
8787
8798
8808
8818
8828
8840
8850
8860
8870
8881
8891
8901
8911
8923
8933
8943
8953
8964
8974
8984
8995
9006
9016
9026
9036
9047
9058
9068
9078
9089
9099
9109
9120
9131
9141
9151
9162
9172
9183
9193
9204
9214
9225
9235
9245
9256
9267
9277
9287
9297
9308
9319
9329
9339
9350
9360
9370
9381
9392
9402
9412
9422
9433
9443
9453
9464
9475
9485
9495
9505
9516
9526
9537
9547
9558
9568
9578
9588
9598
9610
9620
9630
9640
9651
9661
9671
9681
9693
9703
9713
9723
9734
9744
9754
9765
9776
9786
9796
9806
9817
9827
9838
9848
9859
9869
9879
9889
9900
9911
9921
9931
9942
9952
9962
9972
9984
9994
10004
10014
10024
10035
10046
10056
10066
10077
10087
10098
10108
10119
10129
10139
10150
10161
10171
10182
10192
10203
10213
10224
10234
10245
10256
10266
10276
10287
10298
10308
10318
10329
10339
10350
10360
10371
10381
10392
10402
10413
10423
10434
10444
10455
10466
10476
10486
10497
10507
10518
10528
10539
10549
10559
10570
10580
10591
10601
10611
10622
10633
10643
10653
10663
10674
10685
10695
10705
10716
10726
10737
10747
10758
10768
10778
10788
10800
10810
10820
10830
10841
10852
10862
10872
10883
10893
10904
10914
10925
10935
10945
10956
10967
10977
10987
10997
11008
11019
11029
11039
11049
11060
11071
11081
11091
11102
11112
11123
11133
11144
11154
11165
11175
11186
11196
11207
11217
11228
11239
11249
11259
11270
11281
11291
11301
11312
11323
11333
11343
11354
11365
11375
11385
11396
11406
11417
11427
11438
11448
11458
11469
11480
11490
11500
11510
11521
11532
11542
11552
11563
11573
11584
11594
11604
11615
11625
11635
11646
11657
11667
11677
11687
11699
11709
11719
11729
11740
11750
11761
11771
11782
11792
11802
11813
11824
11834
11844
11854
11866
11876
11886
11896
11907
11918
11928
11938
11949
11959
11969
11980
11991
12001
12011
12021
12033
12043
12053
12063
12073
12084
12095
12105
12115
12126
12136
12147
12157
12168
12178
12189
12199
12210
12220
12230
12241
12252
12262
12273
12283
12294
12305
12315
12325
12336
12347
12357
12367
12378
12389
12399
12409
12420
12430
12441
12451
12462
12473
12483
12493
12504
12515
12525
12535
12546
12557
12567
12577
12588
12598
12609
12619
12630
12640
12650
12661
12672
12682
12692
12702
12713
12724
12734
12744
12754
12765
12776
12786
12796
12807
12817
12828
12838
12849
12859
12869
12879
12891
12901
12911
12921
12932
12943
12953
12963
12974
12984
12995
13005
13016
13026
13036
13046
13058
13068
13078
13088
13099
13110
13120
13130
13140
13151
13162
13172
13182
13193
13203
13214
13224
13235
13245
13255
13266
13277
13287
13298
13308
13319
13330
13340
13350
13361
13372
13382
13392
13403
13414
13424
13434
13445
13455
13466
13476
13487
13497
13507
13518
13529
13539
13549
13559
13571
13581
13591
13601
13612
13622
13633
13643
13654
13664
13674
13685
13696
13706
13716
13726
13736
13748
13758
13768
13778
13789
13800
13810
13820
13831
13841
13851
13862
13873
13883
13893
13903
13915
13925
13935
13945
13956
13967
13977
13987
13998
14008
14019
14029
14040
14050
14060
14070
14082
14092
14102
14112
14123
14134
14144
14154
14164
14175
14185
14196
14206
14217
14227
14238
14248
14259
14269
14279
14290
14301
14311
14322
14332
14343
14354
14364
14374
14385
14396
14406
14416
14427
14438
14448
14458
14469
14479
14490
14500
14511
14521
14532
14542
14553
14564
14574
14584
14595
14606
14616
14626
14637
14647
14658
14668
14679
14689
14699
14710
14721
14731
14741
14751
14761
14773
14783
14793
14803
14814
14825
14835
14845
14856
14866
14876
14887
14898
14908
14918
14928
14940
14950
14960
14970
14981
14992
15002
15012
15023
15033
15044
15054
15065
15075
15085
15095
15107
15117
15127
15137
15148
15159
15169
15179
15190
15200
15211
15221
15232
15242
15252
15263
15273
15284
15294
15304
15315
15326
15336
15347
15357
15368
15379
15389
15399
15410
15421
15431
15441
15452
15463
15473
15483
15494
15504
15515
15525
15536
15546
15556
15567
15578
15588
15598
15608
15620
15630
15640
15650
15661
15671
15682
15692
15703
15713
15723
15734
15745
15755
15765
15775
15785
15797
15807
15817
15827
15838
15849
15859
15869
15880
15890
15900
15911
15922
15932
15942
15952
15964
15974
15984
15994
16005
16016
16026
16036
16047
16057
16067
16078
16089
16099
16109
16119
16131
16141
16151
16161
16172
16182
16193
16203
16214
16224
16234
16245
16256
16266
16276
16286
16297
16308
16318
16328
16339
16350
16360
16370
16381
16392
16402
16413
16423
16434
16444
16455
16465
16476
16486
16497
16507
16518
16528
16538
16549
16560
16570
16580
16591
16602
16612
16623
16633
16644
16654
16665
16675
16686
16696
16706
16717
16728
16738
16748
16758
16770
16780
16790
16800
16811
16822
16832
16842
16852
16863
16873
16884
16894
16905
16915
16925
16936
16947
16957
16967
16977
16988
16999
17009
17019
17030
17041
17051
17061
17072
17082
17092
17103
17114
17124
17134
17144
17156
17166
17176
17186
17197
17207
17218
17228
17239
17249
17259
17270
17281
17291
17301
17312
17323
17333
17343
17353
17364
17375
17385
17395
17406
17417
17427
17438
17448
17459
17469
17480
17490
17501
17511
17522
17532
17543
17553
17563
17574
17585
17595
17605
17615
17627
17637
17647
17657
17668
17679
17689
17699
17710
17720
17730
17741
17752
17762
17772
17782
17794
17804
17814
17824
17835
17845
17856
17866
17876
17887
17897
17908
17918
17929
17939
17949
17959
17971
17981
17991
18001
18012
18023
18033
18043
18054
18064
18075
18085
18096
18106
18116
18127
18138
18148
18158
18168
18179
18190
18200
18210
18221
18231
18242
18252
18263
18273
18283
18293
18305
18315
18325
18335
18347
18357
18367
18377
18387
18399
18409
18419
18430
18441
18451
18462
18472
18483
18493
18504
18514
18525
18535
18546
18556
18567
18577
18587
18598
18609
18619
18629
18640
18651
18661
18672
18682
18693
18703
18714
18724
18735
18745
18755
18766
18777
18787
18797
18807
18819
18829
18839
18849
18860
18871
18881
18891
18902
18912
18922
18933
18944
18954
18964
18974
18985
18996
19006
19016
19026
19037
19048
19058
19068
19079
19089
19100
19110
19121
19131
19141
19152
19163
19173
19183
19193
19205
19215
19225
19235
19246
19256
19267
19277
19288
19298
19308
19319
19330
19340
19350
19361
19372
19382
19392
19402
19414
19424
19434
19444
19456
19466
19476
19487
19497
19508
19519
19529
19539
19550
19560
19571
19581
19592
19602
19613
19623
19634
19644
19654
19664
19676
19686
19696
19706
19717
19728
19738
19748
19759
19769
19779
19790
19801
19811
19821
19831
19843
19853
19863
19873
19884
19895
19905
19915
19926
19936
19946
19957
19968
19978
19988
19998
20009
20020
20030
20040
20050
20061
20072
20082
20092
20103
20113
20124
20134
20145
20155
20165
20176
20187
20197
20207
20217
20229
20239
20249
20259
20270
20280
20291
20301
20312
20322
20332
20343
20354
20364
20374
20385
20396
20406
20416
20426
20438
20448
20458
20469
20480
20490
20500
20511
20521
20532
20542
20553
20563
20574
20584
20595
20605
20616
20626
20636
20647
20658
20668
20679
20689
20700
20710
20721
20731
20742
20752
20763
20773
20784
20794
20804
20815
20826
20836
20846
20856
20868
20878
20888
20898
20909
20919
20930
20940
20951
20961
20971
20982
20993
21003
21013
21023
21033
21045
21055
21065
21075
21086
21097
21107
21117
21128
21138
21149
21159
21170
21180
21190
21201
21212
21222
21232
21242
21253
21264
21274
21284
21295
21305
21316
21326
21337
21347
21357
21368
21379
21389
21399
21410
21421
21431
21441
21451
21463
21473
21483
21494
21505
21515
21526
21536
21547
21557
21568
21578
21588
21599
21610
21620
21630
21641
21651
21662
21672
21683
21693
21703
21713
21725
21735
21745
21755
21766
21777
21787
21797
21808
21818
21829
21839
21850
21860
21870
21880
21892
21902
21912
21922
21933
21944
21954
21964
21975
21985
21995
22006
22017
22027
22037
22047
22059
22069
22079
22089
22099
22111
22121
22131
22141
22152
22162
22173
22183
22194
22204
22214
22225
22236
22246
22256
22266
22278
22288
22298
22308
22319
22329
22340
22350
22361
22371
22381
22392
22403
22413
22423
22434
22445
22455
22465
22475
22487
22497
22507
22518
22529
22539
22550
22560
22571
22581
22592
22602
22612
22623
22634
22644
22654
22665
22675
22686
22696
22707
22717
22728
22738
22749
22760
22770
22780
22791
22802
22812
22822
22833
22843
22854
22864
22875
22885
22895
22905
22917
22927
22937
22947
22958
22969
22979
22989
23000
23010
23020
23031
23042
23052
23062
23072
23084
23094
23104
23114
23124
23136
23146
23156
23166
23177
23188
23198
23208
23219
23229
23239
23250
23261
23271
23281
23291
23303
23313
23323
23333
23344
23355
23365
23375
23386
23396
23406
23417
23428
23438
23448
23459
23470
23480
23490
23500
23512
23522
23532
23543
23554
23564
23575
23585
23596
23606
23617
23627
23638
23648
23659
23669
23680
23690
23700
23711
23721
23732
23742
23752
23763
23774
23784
23794
23804
23815
23826
23836
23846
23857
23867
23878
23888
23899
23909
23919
23930
23941
23951
23961
23971
23982
23993
24003
24013
24024
24034
24045
24055
24066
24076
24086
24096
24108
24118
24128
24138
24148
24160
24170
24180
24190
24201
24212
24222
24232
24243
24253
24263
24274
24285
24295
24305
24315
24327
24337
24347
24357
24368
24378
24389
24399
24410
24420
24430
24441
24452
24462
24472
24483
24494
24504
24514
24524
24536
24546
24556
24567
24578
24588
24599
24609
24620
24630
24641
24651
24662
24672
24683
24693
24704
24714
24724
24735
24745
24756
24767
24777
24787
24798
24809
24819
24829
24840
24851
24861
24871
24882
24893
24903
24913
24924
24934
24944
24955
24966
24976
24986
24996
25008
25018
25028
25038
25049
25059
25070
25080
25091
25101
25111
25122
25133
25143
25153
25163
25174
25185
25195
25205
25216
25226
25237
25247
25257
25268
25278
25289
25299
25310
25320
25330
25341
25352
25362
25372
25382
25394
25404
25414
25424
25435
25445
25456
25466
25477
25487
25498
25508
